\begin{deluxetable*}{l|l|l}
\tabletypesize{\footnotesize}
\tablecolumns{10}
\tablewidth{0pt} 
\tablecaption{Correlation Matrices \label{tbl:nk_corr}}
\tablehead{ 
  \colhead{NIKA} & \colhead{MUSTANG} & \colhead{Bolocam} 
}
\startdata
\begin{tabular}{cccccc}
 1.0000  & -0.0452  &  0.0270  & -0.0158  &  0.0062  &  0.0042  \\
-0.0452  &  1.0000  & -0.0632  &  0.0401  & -0.0135  & -0.0096  \\
 0.0270  & -0.0632  &  1.0000  & -0.0153  &  0.0056  &  0.0041  \\
-0.0158  &  0.0401  & -0.0153  &  1.0000  & -0.0025  & -0.0018  \\
 0.0062  & -0.0135  &  0.0056  & -0.0025  &  1.0000  &  0.0005  \\
 0.0042  & -0.0096  &  0.0041  & -0.0018  &  0.0005  &  1.0000  
\end{tabular}
&
\begin{tabular}{ccccc}
 1.0000  & -0.0752  &  0.0192  & -0.0081  &  0.0084  \\
-0.0752  &  1.0000  & -0.1249  &  0.0875  & -0.0159  \\
 0.0192  & -0.1249  &  1.0000  & -0.0196  &  0.0121  \\
-0.0081  &  0.0875  & -0.0196  &  1.0000  & -0.0074  \\
 0.0084  & -0.0159  &  0.0121  & -0.0074  &  1.0000  
\end{tabular}
&
\begin{tabular}{cccc}
 1.0000  & -0.0097  &  0.0051  & -0.0004 \\
-0.0097  &  1.0000  & -0.0134  &  0.0048 \\
 0.0051  & -0.0134  &  1.0000  & -0.0007 \\
-0.0004  &  0.0048  & -0.0007  &  1.0000  
\end{tabular}
 \enddata
 \tablecomments{The largest correlations (which are not auto-correlations), occur with immediate neighbors.
   Within these, the largest is still less than 13\%, while most are closer to 5\%, and some even have
   less than 1\% correlation.}
\end{deluxetable*}
